n=1 m=1 [1,1]: 1: 
1 
n=1 m=2 [2,3]: 2: 
2 3 
n=2 m=2 [4,9]: 5: 
4 6 7 8 9 
n=1 m=3 [3,6]: 3: 
3 5 6 
n=2 m=3 [6,16]: 9: 
6 9 10 11 12 13 14 15 16 
n=3 m=3 [9,31]: 13: 
9 15 17 18 19 22 24 26 27 28 29 30 31 
n=1 m=4 [4,10]: 5: 
4 7 8 9 10 
n=2 m=4 [8,26]: 13: 
8 12 14 15 16 18 20 21 22 23 24 25 26 
n=3 m=4 [12,52]: 24: 
12 20 21 23 24 26 27 28 30 32 37 38 39 40 41 42 44 46 47 48 49 50 51 52 
n=4 m=4 [16,88]: 26: 
16 28 31 32 36 38 40 44 48 52 54 55 57 58 59 60 72 75 78 79 80 81 83 84 85 86 
n=1 m=5 [5,14]: 6: 
5 9 11 12 13 14 
n=2 m=5 [10,39]: 20: 
10 15 18 19 22 23 24 25 26 27 28 30 31 32 33 35 36 37 38 39 
n=3 m=5 [15,79]: 30: 
15 25 27 29 30 33 36 38 39 40 42 43 46 47 48 49 50 51 52 53 54 69 70 71 72 73 74 75 76 78 
n=4 m=5 [20,134]: 33: 
20 35 36 39 40 44 45 48 50 52 53 54 56 64 68 69 70 71 72 73 74 75 77 113 114 119 120 121 122 123 124 125 129 
n=5 m=5 [25,196]: 29: 
25 45 49 55 60 63 65 68 70 85 87 90 93 94 97 100 173 176 179 181 182 183 184 185 186 187 188 189 193 
n=1 m=6 [6,19]: 8: 
6 11 14 15 16 17 18 19 
n=2 m=6 [12,55]: 23: 
12 18 22 23 28 31 32 34 35 36 37 38 39 40 47 48 49 50 51 52 53 54 55 
n=3 m=6 [18,112]: 32: 
18 30 33 35 36 40 46 49 51 54 56 57 59 62 63 64 65 66 67 68 95 98 99 100 101 103 104 105 106 107 108 109 
n=4 m=6 [24,184]: 33: 
24 42 44 47 48 54 58 60 64 67 68 72 76 82 87 89 90 91 92 93 95 96 164 168 169 171 172 173 174 175 176 177 180 
n=5 m=6 [30,272]: 33: 
30 55 59 66 72 76 78 82 84 85 90 95 105 108 115 116 117 119 120 123 124 252 257 258 259 260 261 262 263 264 265 267 270 
n=6 m=6 [36,381]: 31: 
36 66 71 90 94 100 102 103 108 114 128 134 142 143 147 148 151 152 357 361 362 365 366 367 368 369 370 372 373 374 379 
n=1 m=7 [7,25]: 11: 
7 13 17 18 19 20 21 22 23 24 25 
n=2 m=7 [14,74]: 28: 
14 21 26 27 34 36 37 38 40 42 43 44 46 47 48 50 59 61 63 65 66 67 68 69 70 71 73 74 
n=3 m=7 [21,149]: 37: 
21 35 39 41 42 47 55 57 58 60 63 65 66 69 70 72 74 75 77 78 79 80 81 129 130 132 133 134 135 136 137 139 140 141 142 143 145 
n=4 m=7 [28,243]: 40: 
28 49 52 55 56 63 68 70 74 76 78 79 80 84 88 92 96 97 100 106 108 109 111 112 113 114 221 222 224 227 228 229 231 232 233 234 235 236 238 241 
n=5 m=7 [35,363]: 40: 
35 63 65 69 77 84 89 91 93 95 98 100 105 110 115 120 124 125 127 138 139 140 143 144 146 147 335 339 342 346 347 348 349 351 352 353 354 356 357 360 
n=6 m=7 [42,511]: 39: 
42 78 83 105 110 112 114 118 119 120 121 126 132 133 138 144 150 151 158 170 171 175 176 179 180 475 484 485 487 491 492 494 496 498 499 500 502 503 508 
n=7 m=7 [49,687]: 37: 
49 91 97 131 133 138 140 142 147 154 161 168 175 178 189 201 202 207 208 212 213 650 655 657 660 661 662 664 665 666 667 668 669 671 673 674 679 
n=1 m=8 [8,32]: 10: 
8 15 20 21 26 28 29 30 31 32 
n=2 m=8 [16,96]: 27: 
16 24 30 31 40 42 44 49 50 52 54 55 56 58 60 62 64 84 86 87 88 89 90 91 92 93 96 
n=3 m=8 [24,191]: 31: 
24 40 45 47 48 54 67 68 76 78 80 81 84 86 87 90 91 92 93 94 96 174 175 176 177 178 180 181 182 183 186 
n=4 m=8 [32,312]: 37: 
32 56 60 63 64 72 78 80 90 92 104 112 116 118 120 123 124 126 127 128 129 130 131 132 291 292 293 294 297 298 300 301 303 304 305 306 311 
n=5 m=8 [40,469]: 39: 
40 75 79 88 96 102 104 112 113 116 130 140 143 145 148 150 155 156 160 162 163 166 167 169 170 440 444 447 448 449 450 452 453 455 456 458 460 461 467 
n=6 m=8 [48,662]: 38: 
48 90 95 120 126 136 140 144 152 156 168 174 180 184 186 192 194 197 198 199 203 204 207 208 624 630 631 633 634 638 639 640 642 643 645 646 647 655 
n=7 m=8 [56,891]: 43: 
56 104 105 111 150 159 160 164 168 176 182 184 192 196 200 203 205 210 217 220 224 232 234 235 240 241 245 246 846 850 853 855 856 858 859 861 862 863 865 866 868 869 878 
n=8 m=8 [64,1156]: 35: 
64 120 127 168 174 182 188 200 208 224 232 236 240 248 256 270 271 277 278 283 284 1103 1108 1109 1110 1113 1115 1116 1117 1118 1119 1120 1126 1131 1136 
n=1 m=9 [9,40]: 10: 
9 17 23 24 35 36 37 38 39 40 
n=2 m=9 [18,121]: 27: 
18 27 34 35 46 48 49 50 56 57 64 70 72 74 76 78 80 107 109 110 111 112 113 114 115 117 118 
n=3 m=9 [27,237]: 32: 
27 45 51 53 54 61 76 87 91 92 98 99 100 105 107 108 111 114 117 120 216 219 221 223 224 225 226 227 228 230 231 234 
n=4 m=9 [36,391]: 34: 
36 63 68 71 72 81 88 90 102 103 127 128 134 140 142 143 144 148 150 152 156 160 366 370 372 373 374 375 376 377 378 379 380 389 
n=5 m=9 [45,590]: 33: 
45 85 89 99 108 115 117 126 128 130 162 169 175 177 180 182 185 186 190 193 195 200 556 563 564 565 566 569 570 571 573 575 584 
n=6 m=9 [54,834]: 35: 
54 102 107 135 142 153 154 157 162 171 197 210 216 220 222 224 228 229 234 236 240 792 793 797 799 800 804 805 806 807 808 809 810 812 823 
n=7 m=9 [63,1123]: 37: 
63 119 125 169 180 184 189 198 207 216 225 232 245 251 252 259 263 266 271 272 273 279 280 1065 1070 1075 1077 1079 1080 1081 1082 1084 1085 1087 1090 1095 1104 
n=8 m=9 [72,1457]: 37: 
72 136 143 196 206 211 252 261 267 270 279 280 288 292 296 304 306 308 312 314 315 320 322 1388 1392 1394 1395 1396 1401 1402 1404 1408 1409 1412 1413 1419 1430 
n=9 m=9 [81,1836]: 34: 
81 153 161 223 232 238 297 302 315 324 333 342 349 350 351 357 358 360 365 1756 1757 1759 1760 1761 1764 1768 1769 1771 1772 1773 1774 1776 1789 1796 
n=1 m=10 [10,49]: 12: 
10 19 26 27 42 43 44 45 46 47 48 49 
n=2 m=10 [20,147]: 31: 
20 30 38 39 52 55 56 63 64 65 71 72 84 86 88 90 92 94 96 98 128 133 134 135 137 138 139 140 141 142 144 
n=3 m=10 [30,289]: 41: 
30 50 57 59 60 68 85 98 102 103 104 110 111 112 117 118 119 120 126 129 132 135 138 141 144 147 263 264 266 268 272 273 274 275 278 279 280 281 282 283 287 
n=4 m=10 [40,480]: 44: 
40 70 76 79 80 90 98 100 115 142 143 144 150 151 157 159 160 163 165 166 168 172 176 180 184 188 192 196 454 456 457 458 459 461 462 463 465 466 467 468 469 470 472 476 
n=5 m=10 [50,726]: 43: 
50 90 95 99 110 120 128 130 140 145 181 182 190 198 199 204 207 208 209 210 212 213 215 216 220 225 230 235 240 245 691 695 697 698 700 701 702 704 706 707 712 714 718 
n=6 m=10 [60,1027]: 44: 
60 110 114 119 140 150 158 170 175 180 190 220 221 236 246 247 251 252 255 256 258 259 260 264 270 276 282 288 294 979 981 986 987 990 992 994 995 996 997 1000 1001 1006 1008 1013 
n=7 m=10 [70,1383]: 47: 
70 133 139 170 180 188 205 210 220 230 240 250 259 260 282 294 295 298 301 303 304 306 307 308 312 315 322 329 336 343 1318 1319 1322 1327 1329 1332 1333 1336 1337 1339 1341 1342 1344 1345 1347 1350 1356 
n=8 m=10 [80,1794]: 48: 
80 152 159 200 218 235 250 270 280 290 298 299 300 310 320 328 336 342 343 344 345 347 351 352 353 354 360 368 376 384 392 1717 1719 1722 1723 1725 1728 1729 1730 1732 1737 1738 1739 1740 1741 1744 1750 1757 
n=9 m=10 [90,2246]: 46: 
90 171 179 248 265 270 320 337 338 340 350 360 370 374 378 380 387 390 391 392 393 396 399 400 401 405 408 414 423 432 441 2156 2167 2168 2170 2173 2175 2176 2177 2182 2184 2185 2186 2188 2189 2205 
n=10 m=10 [100,2749]: 37: 
100 190 199 278 295 340 376 377 410 420 430 438 439 440 447 448 450 456 460 470 480 490 2652 2667 2674 2675 2677 2678 2679 2681 2683 2685 2687 2689 2691 2692 2709 
n=1 m=11 [11,59]: 14: 
11 21 29 30 49 51 52 53 54 55 56 57 58 59 
n=2 m=11 [22,176]: 35: 
22 33 42 43 53 60 61 62 70 71 79 80 98 104 106 108 110 112 114 116 118 155 160 161 162 164 165 166 167 168 169 170 171 172 175 
n=3 m=11 [33,347]: 42: 
33 55 63 65 66 75 86 94 95 109 111 112 114 122 123 130 131 132 133 147 156 159 162 165 168 171 174 177 319 320 325 328 331 332 333 334 335 336 337 338 339 345 
n=4 m=11 [44,579]: 46: 
44 77 84 87 88 99 108 110 119 126 128 157 160 162 164 174 176 181 183 185 186 196 208 212 216 220 224 228 232 236 537 542 550 551 554 555 557 560 561 562 563 565 566 567 570 575 
n=5 m=11 [55,877]: 46: 
55 99 105 109 132 141 143 152 154 158 161 200 211 213 216 226 229 232 235 238 239 245 260 265 270 275 280 285 290 295 826 831 833 837 839 843 844 845 848 849 850 852 853 855 856 866 
n=6 m=11 [66,1241]: 47: 
66 121 126 131 165 174 185 187 190 194 198 209 243 262 264 268 278 282 283 287 291 292 294 312 318 324 330 336 342 348 354 1178 1179 1180 1187 1188 1194 1195 1196 1203 1204 1205 1206 1207 1208 1211 1219 
n=7 m=11 [77,1671]: 50: 
77 147 153 187 207 218 222 227 231 242 253 264 275 286 313 315 320 330 334 335 339 343 344 345 364 371 378 385 392 399 406 413 1587 1592 1597 1604 1605 1608 1609 1614 1616 1617 1620 1621 1622 1623 1624 1627 1628 1635 
n=8 m=11 [88,2157]: 52: 
88 168 175 240 251 254 260 264 275 297 308 319 329 330 341 352 364 366 372 382 385 388 391 392 397 398 416 424 432 440 448 456 464 472 2059 2070 2071 2080 2081 2082 2084 2085 2086 2087 2092 2098 2099 2100 2103 2105 2111 2115 
n=9 m=11 [99,2699]: 52: 
99 189 197 273 284 286 293 341 363 372 374 385 396 407 415 417 418 424 429 434 436 440 441 443 450 451 468 477 486 495 504 513 522 531 2602 2612 2613 2620 2622 2624 2625 2626 2629 2630 2632 2636 2637 2638 2640 2641 2648 2657 
n=10 m=11 [110,3307]: 50: 
110 210 219 306 317 318 326 415 451 462 466 468 473 476 484 486 487 490 494 495 503 504 506 517 520 528 530 539 540 550 560 570 580 590 3210 3212 3219 3223 3225 3230 3232 3238 3239 3240 3247 3248 3251 3252 3258 3262 
n=11 m=11 [121,3981]: 45: 
121 231 241 339 350 359 458 517 519 528 538 539 547 556 557 561 572 583 594 605 616 627 638 649 3877 3883 3885 3890 3894 3896 3897 3900 3902 3904 3906 3907 3909 3911 3913 3916 3918 3921 3924 3930 3934 
n=1 m=12 [12,70]: 15: 
12 23 32 33 55 57 59 62 63 64 66 67 68 69 70 
n=2 m=12 [24,208]: 28: 
24 36 46 47 64 66 77 78 87 88 124 126 128 132 134 136 138 140 189 190 195 196 197 199 200 202 204 206 
n=3 m=12 [36,411]: 37: 
36 60 69 71 72 82 100 120 124 125 134 135 143 144 145 146 186 189 192 198 201 204 207 210 387 388 391 392 395 397 398 399 400 401 403 405 409 
n=4 m=12 [48,688]: 39: 
48 84 92 95 96 108 118 120 134 172 176 182 191 193 199 201 202 204 248 252 256 264 268 272 276 280 652 660 662 663 665 668 669 670 671 673 674 675 681 
n=5 m=12 [60,1043]: 40: 
60 108 115 119 132 144 154 156 168 219 232 240 248 251 255 258 259 262 310 315 320 330 335 340 345 350 993 1000 1002 1005 1007 1008 1009 1010 1011 1015 1016 1019 1021 1027 
n=6 m=12 [72,1476]: 44: 
72 138 143 168 180 190 202 204 216 228 266 288 298 305 309 311 315 316 320 372 378 384 396 402 408 414 420 1403 1409 1415 1418 1420 1422 1423 1424 1428 1429 1430 1431 1432 1433 1434 1440 1447 
n=7 m=12 [84,1981]: 48: 
84 161 167 216 226 228 236 240 252 264 276 288 300 313 344 356 362 367 372 373 378 434 441 448 462 469 476 483 490 1890 1897 1899 1900 1901 1913 1914 1915 1916 1919 1920 1921 1922 1924 1928 1929 1931 1932 1944 
n=8 m=12 [96,2552]: 45: 
96 184 191 252 262 270 300 324 336 348 360 372 384 400 414 419 423 425 429 430 436 496 504 512 528 536 544 552 560 2458 2463 2464 2467 2469 2471 2482 2486 2487 2488 2490 2491 2493 2494 2499 2516 
n=9 m=12 [108,3197]: 44: 
108 207 215 288 298 304 384 407 408 420 432 444 456 468 472 476 479 480 483 486 487 494 558 567 576 594 603 612 621 630 3101 3106 3110 3112 3114 3115 3121 3125 3126 3131 3136 3139 3143 3159 
n=10 m=12 [120,3920]: 48: 
120 230 239 334 338 408 454 504 512 516 528 530 533 535 540 541 543 544 552 564 576 588 620 630 640 660 670 680 690 700 3820 3822 3826 3828 3829 3831 3832 3835 3840 3843 3845 3846 3853 3854 3855 3857 3859 3876 
n=11 m=12 [132,4721]: 45: 
132 253 263 370 372 501 528 568 588 590 591 599 600 601 610 624 636 648 660 672 682 684 693 696 704 726 737 748 759 770 4616 4621 4624 4629 4632 4633 4635 4636 4639 4642 4643 4650 4651 4655 4673 
n=12 m=12 [144,5600]: 39: 
144 276 287 406 548 624 646 647 657 658 660 668 708 744 756 768 780 792 804 816 828 840 5485 5488 5491 5493 5496 5497 5503 5504 5505 5506 5507 5508 5513 5516 5520 5526 5544 
n=1 m=13 [13,82]: 12: 
13 25 35 36 71 75 77 78 79 80 81 82 
n=2 m=13 [26,243]: 30: 
26 39 50 51 63 72 74 84 85 94 95 96 142 150 154 156 158 160 162 226 227 228 230 232 233 235 236 237 238 242 
n=3 m=13 [39,481]: 37: 
39 65 75 77 78 89 102 135 136 146 147 155 157 158 159 213 225 231 234 237 240 243 453 457 458 460 461 462 464 465 467 468 469 470 471 472 478 
n=4 m=13 [52,807]: 41: 
52 91 100 103 104 117 128 130 141 198 199 208 210 216 219 220 221 222 284 300 308 312 316 320 324 765 772 773 776 777 778 782 783 784 785 786 787 790 792 793 799 
n=5 m=13 [65,1224]: 40: 
65 117 125 129 143 156 167 169 180 182 261 262 270 273 277 281 282 284 285 355 375 385 390 395 400 405 1171 1176 1178 1179 1182 1184 1185 1186 1187 1190 1193 1196 1197 1203 
n=6 m=13 [78,1730]: 40: 
78 150 155 182 195 206 219 221 234 247 324 325 332 336 338 343 344 347 348 426 450 462 468 474 480 486 1651 1661 1668 1670 1671 1672 1673 1674 1675 1678 1682 1683 1686 1698 
n=7 m=13 [91,2317]: 43: 
91 175 181 245 258 273 286 299 312 325 387 388 394 399 405 406 410 411 497 525 539 546 553 560 567 2227 2236 2239 2243 2245 2246 2247 2248 2249 2250 2251 2253 2255 2257 2258 2259 2268 2275 
n=8 m=13 [104,2983]: 45: 
104 200 207 284 297 351 364 377 390 403 416 450 451 456 460 462 467 468 473 474 568 600 616 624 632 640 648 2891 2894 2898 2902 2904 2905 2908 2910 2911 2912 2915 2920 2921 2922 2923 2931 2937 2944 
n=9 m=13 [117,3740]: 43: 
117 225 233 323 336 455 468 481 494 507 513 514 518 520 521 525 529 530 536 537 639 675 693 702 711 720 729 3642 3644 3648 3649 3654 3655 3659 3661 3663 3669 3670 3675 3677 3680 3687 3697 
n=10 m=13 [130,4588]: 46: 
130 250 259 362 375 559 572 576 577 580 582 585 588 591 592 598 599 600 611 624 637 710 750 770 780 790 800 810 4469 4474 4479 4483 4492 4494 4498 4499 4500 4503 4508 4509 4510 4515 4522 4524 4527 4539 
n=11 m=13 [143,5527]: 43: 
143 275 285 401 414 639 640 642 643 651 653 654 662 663 689 715 728 741 754 767 781 825 847 858 869 880 891 5387 5396 5403 5415 5423 5428 5430 5434 5440 5441 5443 5444 5445 5450 5454 5470 
n=12 m=13 [156,6557]: 49: 
156 300 311 440 453 702 703 704 714 715 716 725 726 793 819 832 845 852 858 871 884 897 900 910 924 936 948 960 972 6401 6414 6419 6421 6431 6435 6440 6441 6442 6448 6450 6454 6457 6459 6462 6464 6471 6472 6476 6493 
n=13 m=13 [169,7678]: 40: 
169 325 337 479 492 765 766 777 778 788 789 923 962 975 988 1001 1014 1027 1040 1053 1066 7506 7527 7528 7530 7542 7544 7545 7551 7553 7555 7557 7559 7563 7564 7566 7569 7570 7575 7599 
n=1 m=14 [14,95]: 15: 
14 27 38 39 84 86 87 88 89 90 91 92 93 94 95 
n=2 m=14 [28,281]: 33: 
28 42 54 55 76 80 91 92 93 103 104 168 172 174 176 178 180 182 184 186 188 256 263 264 265 266 267 268 270 271 272 275 278 
n=3 m=14 [42,557]: 42: 
42 70 81 83 84 96 121 142 146 148 158 159 160 169 170 171 172 252 258 261 264 267 270 273 276 279 282 531 532 534 535 536 537 538 539 543 544 545 546 547 548 554 
n=4 m=14 [56,936]: 43: 
56 98 108 111 112 126 138 140 162 203 208 214 225 227 228 235 237 238 239 240 336 344 348 352 356 360 364 368 372 376 901 902 903 904 906 907 911 912 913 915 916 917 925 
n=5 m=14 [70,1420]: 47: 
70 135 139 154 168 180 182 196 203 258 274 282 292 295 296 301 304 305 307 308 420 430 435 440 445 450 455 460 465 470 1360 1364 1365 1366 1367 1370 1371 1372 1374 1376 1377 1378 1380 1382 1383 1388 1398 
n=6 m=14 [84,2001]: 47: 
84 162 167 210 222 224 238 244 252 266 313 340 350 359 363 364 367 371 372 375 376 504 516 522 528 534 540 546 552 558 564 1922 1928 1934 1935 1936 1937 1938 1943 1944 1945 1946 1948 1951 1952 1953 1968 
n=7 m=14 [98,2677]: 48: 
98 189 195 264 266 280 285 294 322 336 350 368 406 418 426 431 432 433 438 439 443 444 588 602 609 616 623 630 637 644 651 658 2584 2590 2596 2597 2598 2599 2602 2607 2608 2612 2614 2615 2619 2620 2621 2638 
n=8 m=14 [112,3450]: 46: 
112 216 223 306 326 336 392 406 420 423 434 448 472 486 493 499 500 505 506 511 512 672 688 696 704 712 720 728 736 744 752 3356 3366 3367 3368 3370 3375 3377 3380 3382 3383 3386 3387 3397 3398 3411 
n=9 m=14 [126,4328]: 51: 
126 243 251 348 367 434 462 476 478 490 504 518 532 538 546 554 560 565 567 568 572 573 579 580 756 774 783 792 801 810 819 828 837 846 4229 4236 4238 4239 4240 4241 4243 4245 4246 4248 4250 4253 4255 4257 4261 4276 4284 
n=10 m=14 [140,5311]: 55: 
140 270 279 390 408 532 533 588 602 604 616 622 627 630 631 635 636 639 640 644 647 648 658 672 686 840 860 870 880 890 900 910 920 930 940 5199 5200 5201 5203 5204 5207 5211 5215 5217 5218 5219 5221 5222 5227 5228 5229 5230 5234 5244 5257 
n=11 m=14 [154,6399]: 53: 
154 297 307 432 449 588 670 672 690 694 697 703 704 706 707 714 715 716 742 756 770 784 798 812 826 924 946 957 968 979 990 1001 1012 1023 1034 6266 6267 6275 6276 6282 6283 6285 6289 6293 6294 6296 6298 6300 6304 6308 6311 6312 6333 
n=12 m=14 [168,7592]: 54: 
168 324 335 474 490 643 736 758 761 763 771 772 773 774 783 784 812 854 882 896 910 924 938 952 966 1008 1032 1044 1056 1068 1080 1092 1104 1116 1128 7442 7448 7452 7457 7464 7465 7466 7467 7469 7471 7472 7475 7476 7478 7484 7485 7488 7496 7508 
n=13 m=14 [182,8890]: 51: 
182 351 363 516 531 698 802 826 828 829 839 840 841 851 852 994 1036 1050 1064 1078 1092 1106 1118 1120 1131 1144 1157 1170 1183 1196 1209 1222 8717 8731 8732 8733 8742 8744 8745 8746 8748 8750 8754 8756 8760 8762 8764 8765 8772 8779 8797 
n=14 m=14 [196,10293]: 42: 
196 378 391 558 572 753 868 894 895 907 908 919 920 1176 1190 1204 1218 1232 1246 1260 1274 1288 1302 1316 10095 10113 10114 10117 10118 10119 10121 10123 10126 10127 10129 10130 10145 10147 10148 10154 10162 10184 
n=1 m=15 [15,109]: 16: 
15 29 41 42 97 98 99 100 101 102 103 104 105 106 108 109 
n=2 m=15 [30,322]: 39: 
30 45 58 59 73 82 84 85 86 97 98 99 100 110 111 194 196 200 202 204 206 208 210 212 216 298 301 302 304 306 307 308 309 310 311 313 314 316 318 
n=3 m=15 [45,639]: 44: 
45 75 87 89 90 103 118 127 153 155 157 158 169 171 172 181 183 184 291 294 300 303 306 309 312 315 318 324 605 608 610 611 612 614 618 619 621 623 624 625 628 629 630 633 
n=4 m=15 [60,1075]: 46: 
60 105 116 119 120 135 148 150 163 170 217 224 226 230 231 241 244 245 252 255 257 388 392 400 404 408 412 416 420 424 432 1017 1026 1028 1034 1035 1038 1039 1044 1045 1047 1049 1051 1053 1057 1060 
n=5 m=15 [75,1630]: 48: 
75 135 145 149 165 180 193 195 208 210 213 276 295 297 303 304 313 317 318 323 327 330 485 490 500 505 510 515 520 525 530 540 1557 1560 1565 1568 1574 1575 1577 1578 1580 1583 1584 1587 1588 1590 1592 1600 
n=6 m=15 [90,2293]: 49: 
90 174 179 210 238 253 255 256 270 285 335 366 368 376 377 385 390 391 394 399 403 582 588 600 606 612 618 624 630 636 648 2206 2212 2214 2215 2217 2219 2220 2225 2227 2228 2230 2233 2234 2238 2240 2244 2245 2251 
n=7 m=15 [105,3065]: 51: 
105 203 209 283 298 299 315 345 360 375 394 437 439 449 450 457 463 464 465 471 476 679 686 700 707 714 721 728 735 742 756 2973 2978 2979 2982 2983 2984 2985 2989 2990 2991 2993 2994 2995 2997 3005 3007 3009 3010 3013 3027 
n=8 m=15 [120,3953]: 48: 
120 232 239 328 342 343 375 420 435 450 453 465 480 508 510 522 523 529 536 537 543 549 776 784 800 808 816 824 832 840 848 864 3836 3858 3859 3868 3869 3870 3872 3876 3880 3882 3883 3884 3885 3893 3894 3910 
n=9 m=15 [135,4961]: 55: 
135 261 269 373 385 388 435 495 512 525 540 555 570 579 581 585 595 596 600 601 607 609 610 615 622 873 882 900 909 918 927 936 945 954 972 4813 4848 4861 4864 4865 4866 4867 4872 4874 4875 4876 4877 4878 4881 4882 4885 4889 4891 4897 4913 
n=10 m=15 [150,6089]: 50: 
150 290 299 418 428 433 570 571 645 650 652 668 669 673 675 678 682 683 687 690 695 705 720 735 970 980 1000 1010 1020 1030 1040 1050 1060 1080 5935 5970 5978 5980 5981 5984 5985 5990 5992 5994 5995 5998 6003 6005 6011 6029 
n=11 m=15 [165,7337]: 56: 
165 319 329 463 471 478 630 705 721 723 741 742 745 749 755 756 759 768 795 810 825 840 855 870 885 1067 1078 1100 1111 1122 1133 1144 1155 1166 1188 7163 7204 7207 7208 7209 7210 7213 7215 7216 7217 7219 7220 7222 7227 7228 7231 7233 7236 7244 7245 7263 
n=12 m=15 [180,8705]: 54: 
180 348 359 508 514 523 689 792 794 814 815 817 820 828 829 831 840 841 945 960 975 990 1005 1020 1035 1164 1176 1200 1212 1224 1236 1248 1260 1272 1296 8521 8548 8554 8555 8561 8562 8563 8564 8566 8567 8568 8570 8575 8582 8585 8589 8590 8592 8612 
n=13 m=15 [195,10193]: 53: 
195 377 389 553 557 568 748 863 865 887 888 889 891 901 902 903 914 1035 1095 1125 1140 1155 1170 1185 1200 1215 1261 1274 1300 1313 1326 1339 1352 1365 1378 1404 9982 10013 10021 10024 10025 10027 10032 10038 10041 10042 10044 10046 10051 10052 10054 10056 10083 
n=14 m=15 [210,11801]: 53: 
210 406 419 598 600 613 807 934 936 960 961 962 974 975 987 1230 1245 1305 1320 1335 1350 1358 1365 1372 1380 1395 1400 1414 1428 1442 1456 1470 1484 1512 11568 11595 11606 11607 11610 11611 11612 11614 11618 11621 11622 11623 11626 11630 11633 11634 11635 11641 11670 
n=15 m=15 [225,13529]: 43: 
225 435 449 643 658 866 1005 1007 1033 1034 1047 1048 1060 1395 1425 1455 1470 1500 1515 1530 1545 1560 1575 1590 1605 1620 13273 13299 13308 13310 13313 13316 13318 13319 13327 13328 13330 13331 13332 13334 13335 13342 13379 
